112
210
666
760
820
831
860
889
978
1022
1117
1131
1225
1242
1251
1257
1263
1265
1266
1276
1278
1284
1285
1286
1307
1310
1314
1315
1317
1319
1321
1325
1326
1330
1343
1351
1358
1364
1365
1366
1368
1374
1378
1381
1387
1391
1397
1410
1419
1451
1454
1460
1463
1467
1476
1480
1482
1485
1492
1499
1516
1520
1530
1571
1574
1576
1578
1581
1584
1588
1594
1606
1616
1618
1620
1623
1632
1642
1678
1686
1689
1699
1702
1708
1709
1715
1718
1721
1731
1734
1740
1753
1765
1784
1794
1797
1803
1806
1808
1809
1812
1813
1815
1818
1819
1821
1822
1825
1827
1828
1830
1832
1836
1837
1838
1839
1841
1842
1844
1847
1852
1853
1854
1858
1859
1863
1864
1865
1867
1868
1869
1872
1876
1879
1880
1882
1883
1886
1887
1888
1889
1892
1894
1895
1897
1898
1907
1912
1914
1916
1921
1922
1924
1925
1926
1931
1932
1933
1934
1938
1940
1942
1943
1944
1945
1946
1950
1952
1953
1956
1958
1959
1961
1964
1966
1967
1970
1972
1976
1977
1978
1979
1980
1981
1982
1983
1985
1990
1992
1994
1995
1996
1998
1999
2001
2002
2003
2004
2005
2010
